dataset_2_particle_electron_model_namesCaloDream: 0.01837143102454306
dataset_2_particle_electron_model_names800: 0.01101887330808596
