dataset_2_particle_electron_model_namescosine: 0.0005003761498596446
dataset_2_particle_electron_model_namessigmoid: 0.0004736947990920264
dataset_2_particle_electron_model_namesp3: 0.00047903737884994585
