dataset_2_particle_electron_model_namescosine: 0.019498473909976114
dataset_2_particle_electron_model_namessigmoid: 0.016239208389766377
dataset_2_particle_electron_model_namesp3: 0.011196281456253229
