dataset_2_particle_electron_model_namescosine: -7.112486736460255e-06
dataset_2_particle_electron_model_namessigmoid: -2.7469752486020127e-06
dataset_2_particle_electron_model_namesp3: -9.564784192894749e-06
