dataset_2_particle_electron_model_namesCaloDream: 1.3822959203713125e-05
dataset_2_particle_electron_model_names800: -2.594961132307283e-05
