dataset_2_particle_electron_model_namescosine: 3.189047151583624e-05
dataset_2_particle_electron_model_namessigmoid: 3.8774807342848545e-05
